1.055000000000000000e-01 7.170000000000000000e+03
1.065000000000000000e-01 6.660000000000000000e+03
1.075000000000000000e-01 6.307500000000000000e+03
1.085000000000000000e-01 6.225000000000000000e+03
1.095000000000000000e-01 5.880000000000000000e+03
1.105000000000000000e-01 5.835000000000000000e+03
1.115000000000000000e-01 5.385000000000000000e+03
1.125000000000000000e-01 5.190000000000000000e+03
1.135000000000000000e-01 4.950000000000000000e+03
1.145000000000000000e-01 4.800000000000000000e+03
1.155000000000000000e-01 4.500000000000000000e+03
1.165000000000000000e-01 4.425000000000000000e+03
1.175000000000000000e-01 4.245000000000000000e+03
1.185000000000000000e-01 4.050000000000000000e+03
1.195000000000000000e-01 3.930000000000000000e+03
1.205000000000000000e-01 3.915000000000000000e+03
1.215000000000000000e-01 3.765000000000000000e+03
1.225000000000000000e-01 3.420000000000000000e+03
1.235000000000000000e-01 3.495000000000000000e+03
1.245000000000000000e-01 3.517500000000000000e+03
1.255000000000000000e-01 3.450000000000000000e+03
1.265000000000000000e-01 3.285000000000000000e+03
1.275000000000000000e-01 3.120000000000000000e+03
1.285000000000000000e-01 2.985000000000000000e+03
1.295000000000000000e-01 2.760000000000000000e+03
1.305000000000000000e-01 2.745000000000000000e+03
1.315000000000000000e-01 2.595000000000000000e+03
1.325000000000000000e-01 2.520000000000000000e+03
1.335000000000000000e-01 2.430000000000000000e+03
1.345000000000000000e-01 2.400000000000000000e+03
1.355000000000000000e-01 2.310000000000000000e+03
1.365000000000000000e-01 2.257500000000000000e+03
1.375000000000000000e-01 2.175000000000000000e+03
1.385000000000000000e-01 2.115000000000000000e+03
1.395000000000000000e-01 2.070000000000000000e+03
1.405000000000000000e-01 2.070000000000000000e+03
1.415000000000000000e-01 1.875000000000000000e+03
1.425000000000000000e-01 1.845000000000000000e+03
1.435000000000000000e-01 1.830000000000000000e+03
1.445000000000000000e-01 1.665000000000000000e+03
1.455000000000000000e-01 1.665000000000000000e+03
1.465000000000000000e-01 1.620000000000000000e+03
1.475000000000000000e-01 1.582500000000000000e+03
1.485000000000000000e-01 1.575000000000000000e+03
1.495000000000000000e-01 1.410000000000000000e+03
1.505000000000000000e-01 1.380000000000000000e+03
1.515000000000000000e-01 1.425000000000000000e+03
1.525000000000000000e-01 1.320000000000000000e+03
1.535000000000000000e-01 1.305000000000000000e+03
1.545000000000000000e-01 1.275000000000000000e+03
1.555000000000000000e-01 1.200000000000000000e+03
1.565000000000000000e-01 1.230000000000000000e+03
1.575000000000000000e-01 1.215000000000000000e+03
1.585000000000000000e-01 1.155000000000000000e+03
1.595000000000000000e-01 1.140000000000000000e+03
